250 308.21421
500 291.29766
750 272.86157
1000 256.3495
1250 264.7475
1500 327.88496
1750 279.89068
2000 259.82462
2250 275.83078
2500 255.87623
2750 256.87682
3000 254.07117
3250 238.78186
3500 246.1251
3750 238.82504
4000 248.19055
4250 244.49114
4500 238.01484
4750 255.05407
5000 223.42469
5250 218.53007
5500 261.5933
5750 219.27264
6000 222.41453
6250 213.20881
6500 211.18395
6750 189.30293
7000 202.77057
7250 187.46013
7500 201.77445
7750 181.89483
8000 168.25557
8250 167.63106
8500 167.99661
8750 168.25454
9000 144.13415
9250 159.39002
9500 151.22556
9750 146.19664
10000 166.12988
10250 143.48381
10500 136.54526
10750 145.58589
11000 162.1102
11250 135.83179
11500 147.01699
11750 129.38696
12000 140.68691
12250 131.26813
12500 138.65409
12750 132.22694
13000 130.50813
13250 131.20621
13500 130.95847
13750 121.50816
14000 113.77134
14250 121.45092
14500 121.35066
14750 121.94116
15000 114.31655
15250 108.86303
15500 111.95576
15750 116.91582
16000 104.89514
16250 111.01098
16500 110.86017
16750 109.4289
17000 109.96606
17250 113.86272
17500 103.82244
17750 111.49764
18000 103.28806
18250 107.89653
18500 105.37434
18750 115.45046
19000 107.71449
19250 118.76109
19500 102.90117
19750 101.9353
20000 104.34793
20250 104.02931
20500 105.13101
20750 98.70071
21000 99.07441
21250 114.68518
21500 106.82439
21750 92.96104
22000 101.94884
22250 100.09601
22500 105.32357
22750 100.87465
23000 96.7887
23250 99.57436
23500 107.52705
23750 96.2666
24000 105.83572
24250 93.70519
24500 99.88422
24750 98.34855
25000 98.81892
25250 98.1027
25500 104.82352
25750 100.95341
26000 97.37735
26250 103.83577
26500 97.82353
26750 95.36815
27000 101.48814
27250 105.21343
27500 97.94555
27750 93.1904
28000 94.41637
28250 95.03011
28500 100.21262
28750 101.58063
29000 98.44441
29250 92.1947
29500 97.27038
29750 95.05819
30000 99.71352
30000 91.73289
30250 92.38093
30500 91.96646
30750 91.92476
31000 92.99094
31250 91.78694
31500 93.3607
31750 94.5213
32000 90.89499
32250 93.17134
32500 91.07468
32750 94.70255
33000 93.1461
33250 89.67976
33500 92.78963
33750 92.66749
34000 91.81607
34250 89.73684
34500 93.46319
34750 92.93191
35000 94.2048
35250 94.12314
35500 90.39967
35750 90.63553
36000 91.51129
36250 92.50452
36500 92.72613
36750 92.17421
37000 92.3621
37250 91.8174
37500 93.95065
37750 92.20302
38000 92.52986
38250 93.0526
38500 93.46629
38750 91.43553
39000 94.41712
39250 91.49606
39500 94.11533
39750 91.73426
40000 95.08869
40250 93.54046
40500 93.3902
40750 94.15423
41000 91.36819
41250 90.41551
41500 91.39503
41750 94.13453
42000 93.9138
42250 92.10301
42500 93.05332
42750 91.62953
43000 91.7224
43250 92.55797
43500 95.1362
43750 93.64408
44000 92.78954
44250 94.85616
44500 93.48683
44750 94.29287
45000 94.24767
45250 93.20035
45500 94.78711
45750 92.93003
46000 93.29577
46250 93.69716
46500 94.74155
46750 95.40081
47000 95.83204
47250 94.77405
47500 93.75971
47750 93.4505
48000 93.06489
48250 90.62845
48500 91.49341
48750 94.62888
49000 91.79492
49250 91.0412
49500 93.60305
49750 92.08489
50000 90.80689
50250 91.93088
50500 90.08482
50750 91.57535
51000 94.93669
51250 92.26978
51500 92.60941
51750 92.12936
52000 94.32002
52250 92.57059
52500 94.28043
52750 91.64247
53000 91.61476
53250 93.43663
53500 91.40323
53750 90.77913
54000 91.9711
54250 90.84677
54500 93.02685
54750 92.52818
55000 93.79018
55250 94.9361
55500 92.75245
55750 94.69813
56000 93.9567
56250 90.90066
56500 91.15471
56750 93.74967
57000 93.38573
57250 95.33864
57500 94.25089
57750 90.94979
58000 93.51595
58250 93.01568
58500 93.2375
58750 94.0495
59000 91.65182
59250 91.22995
59500 92.65678
59750 92.64221
60000 92.94247
60250 93.83496
60500 92.9224
60750 93.6568
61000 92.40059
61250 91.88949
61500 93.56472
61750 92.88597
62000 92.03092
62250 92.71949
62500 95.04734
62750 93.43036
63000 94.79976
63250 91.44753
63500 92.67822
63750 92.23833
64000 92.09379
64250 93.97946
64500 92.60615
64750 93.84254
65000 93.22404
65250 92.71414
65500 92.07639
65750 94.09903
66000 91.85673
66250 93.87106
66500 93.58371
66750 94.20767
67000 91.64268
67250 91.19907
67500 93.25816
67750 93.40174
68000 93.58737
68250 93.14971
68500 92.51834
68750 93.69661
69000 92.00404
69250 94.92554
69500 94.31133
69750 93.98717
70000 93.0952
70250 94.55688
70500 95.35276
70750 93.80629
71000 93.66205
71250 91.43829
71500 92.67721
71750 93.01974
72000 93.30848
72250 91.55528
72500 91.99714
72750 92.30656
73000 92.46607
73250 93.40602
73500 93.34485
73750 92.63123
74000 94.84367
74250 91.21376
74500 93.8466
74750 91.89486
75000 92.61163
75250 91.569
75500 93.88211
75750 92.6691
76000 90.97841
76250 92.12835
76500 91.27999
76750 91.42533
77000 92.90316
77250 92.43929
77500 92.47733
77750 91.31197
78000 92.60083
78250 91.58793
78500 90.79563
78750 91.11552
79000 92.09116
79250 91.43155
79500 90.67321
79750 92.89898
80000 92.13339
80250 94.2815
80500 93.20959
80750 92.09695
81000 89.78628
81250 92.98199
81500 92.56243
81750 91.7777
82000 91.02104
82250 93.01402
82500 93.63532
82750 90.28301
83000 92.14511
83250 93.24356
83500 93.28806
83750 95.40023
84000 94.43478
84250 92.52403
84500 95.40249
84750 91.80367
85000 90.399
85250 92.60397
85500 92.30558
85750 92.6717
86000 90.8172
86250 92.61913
86500 92.79792
86750 89.30831
87000 93.02544
87250 93.20882
87500 91.36516
87750 94.69858
88000 93.168
88250 95.05068
88500 94.2668
88750 92.18158
89000 92.73968
89250 94.08122
89500 92.85524
89750 92.62856
90000 91.98571
90250 92.16164
90500 94.08285
90750 89.68655
91000 93.12491
91250 94.08483
91500 92.31913
91750 93.29532
92000 92.89237
92250 94.01649
92500 92.99684
92750 91.8701
93000 95.02405
93250 93.84019
93500 90.68556
93750 91.723
94000 93.3589
94250 91.51615
94500 90.62496
94750 91.6133
95000 93.21848
95250 93.94527
95500 91.36276
95750 90.85312
96000 94.12434
96250 95.26061
96500 91.58111
96750 92.58507
97000 92.24256
97250 91.45424
97500 91.83418
97750 94.89426
98000 92.16359
98250 91.84477
98500 92.64376
98750 93.07822
99000 92.06514
99250 91.87796
99500 93.42806
99750 94.29239
100000 93.34399
