250 308.63964
500 250.95043
750 252.06648
1000 285.6509
1250 226.14671
1500 222.79023
1750 247.03657
2000 213.25317
2250 205.24747
2500 229.21198
2750 223.30868
3000 208.60681
3250 217.81987
3500 237.49773
3750 228.7431
4000 209.78997
4250 240.47508
4500 241.6776
4750 218.60953
5000 235.12253
5250 218.71585
5500 218.92097
5750 221.69128
6000 208.66224
6250 232.25378
6500 223.16475
6750 208.49078
7000 197.17401
7250 194.54822
7500 186.9178
7750 184.23286
8000 192.81658
8250 184.35851
8500 172.67099
8750 183.43662
9000 172.92957
9250 174.45841
9500 173.79962
9750 185.9975
10000 176.1217
10250 170.7483
10500 175.07189
10750 176.47415
11000 166.05692
11250 145.23973
11500 153.74395
11750 169.83346
12000 151.96493
12250 152.06665
12500 163.3427
12750 147.82108
13000 158.65732
13250 150.95199
13500 149.06309
13750 154.54167
14000 141.998
14250 151.28748
14500 148.44251
14750 156.00287
15000 144.85196
15250 141.21139
15500 147.03487
15750 146.00965
16000 136.22544
16250 146.22107
16500 150.93884
16750 159.76259
17000 148.0068
17250 138.0948
17500 132.75314
17750 129.46949
18000 144.14766
18250 143.54257
18500 137.82959
18750 136.09526
19000 152.10628
19250 138.33627
19500 126.44537
19750 133.62117
20000 138.21719
20250 134.72119
20500 129.78879
20750 129.20721
21000 134.51962
21250 142.24818
21500 127.45257
21750 130.22199
22000 129.28631
22250 124.2832
22500 131.96406
22750 130.05666
23000 127.17861
23250 132.74045
23500 131.52127
23750 128.91735
24000 135.87152
24250 130.59258
24500 129.59307
24750 136.59159
25000 135.85204
25250 128.02616
25500 124.03219
25750 128.70541
26000 121.40185
26250 123.18298
26500 130.58793
26750 124.32567
27000 115.85706
27250 125.38049
27500 128.43714
27750 129.97938
28000 130.43874
28250 121.94475
28500 127.09718
28750 126.36933
29000 131.26948
29250 131.14538
29500 128.38397
29750 125.66178
30000 134.41387
30250 127.50133
30500 126.39956
30750 113.33972
31000 118.55302
31250 119.86576
31500 125.78513
31750 121.27933
32000 125.85694
32250 118.40617
32500 122.91626
32750 122.54327
33000 123.54857
33250 122.58357
33500 119.61681
33750 125.24608
34000 118.98675
34250 121.67464
34500 127.86148
34750 134.89141
35000 119.9589
35250 117.34231
35500 126.02726
35750 128.03386
36000 121.35488
36250 120.38423
36500 125.27783
36750 127.21281
37000 124.70568
37250 128.80363
37500 123.33131
37750 119.27134
38000 125.47054
38250 121.91826
38500 131.80382
38750 120.55363
39000 123.47245
39250 125.79188
39500 121.15517
39750 127.09778
40000 125.72666
40250 121.34612
40500 111.16113
40750 122.57976
41000 125.58922
41250 120.42727
41500 124.72612
41750 122.11475
42000 124.06702
42250 124.09428
42500 115.24913
42750 118.15741
43000 115.03088
43250 115.79593
43500 123.89865
43750 120.17099
44000 122.50229
44250 120.67895
44500 128.79764
44750 122.18317
45000 121.77813
45250 121.12866
45500 122.70183
45750 113.24387
46000 117.96467
46250 117.84339
46500 111.84456
46750 123.72044
47000 115.21249
47250 121.14499
47500 122.03046
47750 119.57887
48000 121.91984
48250 124.67805
48500 116.03996
48750 125.63859
49000 115.36132
49250 128.03028
49500 129.21457
49750 119.45497
50000 124.85851
50250 110.10324
50500 109.28116
50750 109.53343
51000 111.50768
51250 112.02763
51500 114.15097
51750 110.2612
52000 110.11175
52250 108.08469
52500 110.53385
52750 109.65837
53000 112.15725
53250 112.68727
53500 110.08342
53750 110.85466
54000 110.14795
54250 110.59299
54500 109.78301
54750 112.43676
55000 110.70122
55250 109.58028
55500 110.03332
55750 111.35796
56000 111.08139
56250 109.64864
56500 109.7607
56750 113.88436
57000 110.47182
57250 111.25795
57500 110.68445
57750 109.7959
58000 111.38108
58250 109.73888
58500 111.76713
58750 112.04526
59000 109.10445
59250 113.28189
59500 111.28109
59750 111.86511
60000 109.315
60250 111.79147
60500 111.13625
60750 109.83472
61000 110.75269
61250 110.18415
61500 113.11313
61750 111.77791
62000 113.20469
62250 113.11767
62500 110.61907
62750 110.13804
63000 110.82566
63250 110.67605
63500 113.5454
63750 109.05976
64000 111.25368
64250 114.27761
64500 108.23708
64750 111.91819
65000 108.33376
65250 111.16135
65500 109.62819
65750 113.32455
66000 112.20401
66250 112.03064
66500 110.57674
66750 109.47344
67000 112.63635
67250 113.33856
67500 110.79097
67750 110.4959
68000 112.1622
68250 110.71022
68500 108.93847
68750 109.17382
69000 109.66465
69250 111.13013
69500 113.07841
69750 111.50331
70000 110.82541
70250 110.51374
70500 113.47704
70750 110.84079
71000 111.41484
71250 108.43594
71500 109.03697
71750 113.42495
72000 112.91991
72250 109.84314
72500 112.77823
72750 109.93697
73000 111.61398
73250 111.72183
73500 112.78152
73750 107.25644
74000 110.33993
74250 110.33683
74500 108.60034
74750 109.78854
75000 109.31778
75250 112.0663
75500 110.79393
75750 111.0174
76000 110.06442
76250 111.11928
76500 112.56317
76750 110.33976
77000 112.44685
77250 109.94142
77500 110.25816
77750 114.07247
78000 109.47124
78250 109.84486
78500 111.88025
78750 109.93563
79000 110.50836
79250 108.94729
79500 112.11586
79750 109.71927
80000 110.9094
80250 112.37617
80500 108.1586
80750 112.14986
81000 110.66614
81250 109.53877
81500 111.15457
81750 113.13052
82000 109.70329
82250 110.95015
82500 109.9858
82750 109.69957
83000 110.95316
83250 111.10482
83500 110.26987
83750 113.34976
84000 111.38109
84250 112.47624
84500 112.67584
84750 109.76847
85000 108.26023
85250 109.49533
85500 110.7355
85750 110.97394
86000 111.79584
86250 113.98903
86500 111.01523
86750 111.72766
87000 110.56268
87250 113.62629
87500 111.70161
87750 110.99743
88000 113.42714
88250 112.7539
88500 113.8516
88750 112.40154
89000 110.53144
89250 111.75192
89500 111.34137
89750 111.45629
90000 111.14567
90250 109.41566
90500 111.87343
90750 110.10082
91000 110.54969
91250 111.30192
91500 109.83749
91750 110.84113
92000 110.54298
92250 113.715
92500 112.95924
92750 110.33967
93000 111.49925
93250 109.98253
93500 113.93669
93750 109.01499
94000 111.0581
94250 111.18024
94500 111.36241
94750 112.366
95000 110.82134
95250 110.41546
95500 108.63147
95750 111.91882
96000 111.4691
96250 112.65854
96500 111.06872
96750 111.25601
97000 109.78656
97250 109.92155
97500 109.74444
97750 111.41701
98000 112.09256
98250 110.51387
98500 110.99042
98750 109.87172
99000 109.82546
99250 113.03056
99500 108.20751
99750 110.38085
100000 111.20301
